#INPORB 2.2
#INFO
* RASSCF canonical orbitals for CASPT2
       0       1       0
      36
      36
*BC:HOST DESKTOP-D9A76HC PID 379 DATE Thu Jun 30 20:27:47 2022
#EXTRAS
* ACTIVE TWO-EL ENERGY
 0.362863850085E+01
#ORB
* ORBITAL    1    1
  1.18847046533593E-02 -1.48631782677262E-04  4.00344331863008E-06  1.49089632364174E-04  1.88195366854172E-07
  5.67863294272354E-01  9.66055818578732E-04  5.38001888832272E-06  3.68711441194182E-04  6.76400173848879E-07
  5.31602547614440E-02 -1.36441353745109E-04 -3.40344768452527E-05 -7.37343693238704E-05 -1.49107254505652E-06
  4.95747435120605E-05 -1.37812045061384E-04 -1.46639209076543E-04  6.62250473030038E-01  1.05727223784330E-03
  3.35926035988977E-04 -3.62435388647686E-04  2.96692863805314E-05 -1.24112910427830E-04  3.85634145647731E-02
 -1.43494360982571E-04  3.91327371313591E-05 -7.42602390055552E-05  4.55824455963299E-06  4.84107147051719E-01
  7.67134965694791E-04 -2.62466300584176E-04 -2.40501859289682E-04 -1.84699991814693E-05  1.07003464609648E-04
 -1.36868734299829E-04
* ORBITAL    1    2
  2.24513476645267E-03 -1.63655749652156E-05  3.04707601762921E-05  1.64985348273455E-05 -1.03499706230417E-05
  1.03613919603340E-01  1.73027224323162E-04  1.01006547218406E-04  4.91810657185494E-05 -1.37040267429524E-07
 -5.43304124832108E-02 -4.81797441689362E-05 -5.06364639314859E-05  2.39790309117892E-06 -8.79393312929839E-06
  2.26473953211549E-04 -6.15803294152708E-05  1.88974487797913E-05 -6.40871208097910E-01 -1.03867206350222E-03
 -3.42630823584385E-04  3.61118933812028E-04 -3.16623210988255E-05 -6.38000161165733E-05  6.34013012202808E-02
  1.04006999448101E-05 -4.54528481236666E-05 -1.78639408927355E-05 -8.08667792049434E-06  7.55994050151578E-01
  1.23292824632391E-03 -4.42487759256192E-04 -3.87406251615882E-04 -3.39148256746724E-05 -2.20633886804504E-04
  3.51036788642900E-05
* ORBITAL    1    3
 -1.91267401326736E-02 -5.51871658203792E-05  2.03941665353434E-06  2.38191031296779E-05  2.60695635857396E-08
 -8.16179338129843E-01 -1.30582209382382E-03 -6.09028276034121E-06 -1.84663179119628E-04 -2.07125490957862E-06
  3.97770843648400E-02  3.51933215542778E-05 -4.09774792915726E-05  1.69706744277752E-05 -2.33588833547314E-06
  1.87506322015925E-04  8.09779816922357E-05  8.33799451862314E-05  3.78625085634305E-01  4.60317082165717E-04
  1.10935408340019E-04 -1.91693872566408E-04  8.92652330968842E-06 -6.11922249408737E-05  4.45710090550241E-02
  3.78487649180130E-05  3.87660497121891E-05  1.28399547408117E-05  1.02105768586879E-06  4.32004055574163E-01
  5.48390948426630E-04 -1.59011204871484E-04 -2.07895192572550E-04 -1.03419182420450E-05  1.70476925921150E-04
 -5.75518791394458E-05
* ORBITAL    1    4
  3.65718834306825E-04 -3.71471590993378E-05  3.99784716778044E-06  7.20029935529510E-05 -4.96754170865161E-07
  1.12011416877812E-02 -1.17944065577246E-04  6.19064324841648E-06  1.04511955896441E-04 -2.55308789165237E-07
  7.19736009323560E-01  1.17458984358170E-03  6.36150346646052E-05  4.49125621387509E-04 -1.36593028620550E-07
 -1.53222571838845E-04 -4.15491987776724E-05 -4.07747278716061E-05 -6.32092561726297E-02 -2.74765412399266E-04
 -1.02852794016510E-04  1.18096241331073E-04 -7.94813177646719E-06  1.09060336415044E-04  6.88553714566460E-01
  1.12677832339826E-03 -2.27934501835951E-05  4.24616840372496E-04 -3.83501285071394E-06 -6.11714141122535E-02
 -2.67354245833309E-04  1.10756418627249E-04  1.05022129639422E-04  6.75399444406860E-06 -1.57770359496729E-04
  1.22660486178138E-04
* ORBITAL    1    5
  8.36297279731291E-06 -8.54194168801996E-07 -1.71229503259444E-05  2.34918554755285E-06  4.81769724029756E-07
  2.50075877071608E-04 -2.59070009417546E-06 -6.22183856721819E-05  5.09028717105952E-06 -2.34980168969700E-06
 -6.88930643671304E-01 -1.05990414423571E-03 -6.13634808731156E-05 -6.29211765794028E-04  2.29225428498433E-06
 -1.10425906020998E-04  3.14509461202689E-06 -4.88184567579093E-06  5.79610634520938E-02  1.85347124900092E-04
  5.18261589726734E-05 -8.52134340384803E-05  5.19023785744413E-06  3.11683842214904E-04  7.20003982573613E-01
  1.11084993026697E-03 -5.47072898044799E-06  6.51578134526810E-04 -3.68692527874059E-06 -6.12153129690249E-02
 -1.98091865494497E-04  6.44910472837239E-05  8.52102304600468E-05  4.78339649433341E-06  1.03456493770081E-04
 -3.06459971156200E-04
* ORBITAL    1    6
 -9.99769226510610E-01 -2.00300444190657E-03 -9.14723444094983E-06  4.33529463401147E-04  1.28529666560918E-05
  2.29195801658103E-02  2.53384142398500E-04  1.63933335565635E-05  1.89815735501904E-04  1.08847683476174E-06
  1.69293497735754E-05  3.83509804264534E-05  1.62713924468577E-06  3.62922748236629E-05 -5.64005067222127E-07
  7.84067613932322E-05 -7.52984683430425E-06 -3.02080935929357E-05 -8.07714369483998E-04  7.96141256531365E-05
  5.90533194725200E-05  7.36906718965873E-05  5.96627620740788E-06  2.52748682601121E-05  1.66764081331473E-05
  3.94925926026727E-05  1.98182372703665E-06  3.75972491234711E-05 -1.51783049109255E-06 -8.10898635906606E-04
  7.58760136117934E-05 -4.95133035018317E-05  7.94932202063806E-05 -5.08520245100500E-06  7.77392973661947E-05
  2.51917482616264E-05
* ORBITAL    1    7
 -1.45506322525838E-02  1.20672544872093E-01 -1.43848200553027E-03 -3.79821658596679E-02 -1.02333259097436E-04
 -3.90597373885220E-02  2.71221727562664E-01 -1.31274957983542E-03 -3.17094777220052E-02  2.26305551432940E-04
 -3.62072187562196E-02  2.46112992933417E-01  3.48647845857878E-02  7.82157076529243E-02  1.97972350800901E-03
  2.84842678113377E-02  1.39187748678399E-02  1.36840139121524E-02 -3.63654402444931E-02  2.58866222125012E-01
  7.76256788844688E-02 -4.83693480519827E-02  6.23629158414271E-03  2.77876925519560E-02 -3.62113975663457E-02
  2.46110265824929E-01 -2.76739003352853E-02  8.10192584860271E-02 -2.68002508067755E-03 -3.63848291768815E-02
  2.58912868670151E-01 -8.17122609968191E-02 -4.12250986569201E-02 -5.84631026677334E-03  2.85061591854337E-02
  2.77890446858605E-02
* ORBITAL    1    8
 -4.40939194251122E-02  4.47827334729324E-01 -3.66237141644795E-03 -1.10484706068653E-01 -5.51246464910529E-04
 -3.46803239271640E-02  3.61098381600218E-01  6.92485392229641E-03  1.39585214212945E-01 -4.82359600000000E-04
  2.23152901505596E-02 -2.36422527918634E-01 -4.50976957101722E-02 -4.37539572551765E-02 -3.18227884910920E-03
 -6.15724265379464E-03  7.99321848436710E-02  7.81964658166100E-02  6.93108298360110E-03 -2.39379968753327E-02
  1.95544474662869E-02  8.35538479548655E-02  7.59314707181293E-04 -3.69616344198009E-02  2.22016770143997E-02
 -2.35389845236098E-01  4.12279721570555E-02 -4.71237927057787E-02  3.69382296789882E-03  6.73716864593030E-03
 -2.21537436588853E-02 -1.23806446019719E-02  8.45753381133404E-02 -1.56829949997387E-03 -6.34747215967420E-03
 -3.71280677724750E-02
* ORBITAL    1    9
  7.52371892391888E-05 -1.04365203215746E-03  1.57942347096724E-03  1.57764695596644E-04 -1.09661540643856E-03
  9.19066931820691E-05 -1.01749503007459E-03  1.30815466659602E-01 -6.11822355472560E-03  9.17692787351515E-03
  2.51959365400414E-02 -2.80351565971520E-01  7.17423206747409E-02 -1.37162055594833E-01  6.36294314001107E-03
  7.32297795774210E-02  1.18696115089976E-03 -1.50447810472769E-03  3.46633518998639E-02 -4.08639038319316E-01
 -5.64885397938000E-02  1.01756893397541E-01 -5.41221527109043E-03  4.88280634905545E-02 -2.53022381166509E-02
  2.81638653712950E-01  8.35719674473137E-02  1.30365140541365E-01  5.13131860804026E-03 -3.46778403808830E-02
  4.08550517691278E-01 -6.53087994642303E-02 -9.67660846742958E-02 -4.52766897243140E-03 -7.32360479646839E-02
 -4.86073949646631E-02
* ORBITAL    1   10
 -2.64787727905494E-02  3.91629184115167E-01  5.08138868532598E-03  5.85997719331075E-02 -1.33290605929061E-03
  1.39581926046175E-02 -2.32263856362724E-01  1.12610101825731E-02  2.45111170728932E-01 -1.18144210572717E-03
 -1.40897355202716E-02  3.04604647616942E-01  8.14524001530207E-02 -6.88703902617194E-02  7.07637179544906E-03
 -5.58450142299980E-02  1.29281861507698E-01  1.26128331342148E-01  1.41326587168768E-02 -2.07744580299088E-01
 -6.15525831205192E-02 -1.18517208280356E-01 -3.75081429378054E-03  8.33101380633392E-02 -1.40573213039258E-02
  3.03862834233256E-01 -8.76206531654126E-02 -6.15212820236328E-02 -6.43072177317075E-03  1.41437097364170E-02
 -2.08059903327054E-01  5.04850160043327E-02 -1.23277025324893E-01  4.80860695128221E-03 -5.56530427706541E-02
  8.35055927596439E-02
* ORBITAL    1   11
 -1.20977236413027E-05  5.60158157962483E-04  8.10197767762118E-02 -1.13740252437912E-03 -5.13045909108401E-03
  2.14356859683682E-04 -3.16632111876558E-03  2.66829056575234E-01 -1.32401247802288E-02  1.78603562706142E-02
 -1.43738403657119E-02  3.22108747527178E-01 -1.36368575070290E-01 -4.83279034233244E-02 -9.65576160548825E-03
  1.27914807189319E-01  3.34522455495941E-02 -3.13425150767100E-02  7.55998225208434E-03 -2.25185155674659E-01
  2.38266877060461E-02 -2.38133231548693E-01  3.42907382943725E-03 -1.64917035201937E-01  1.44661715353488E-02
 -3.24500797668291E-01 -1.27973944519728E-01  6.30488622439248E-02 -9.90462253086121E-03 -7.76211725674524E-03
  2.30814233569414E-01  4.85972818715296E-02  2.33394569369765E-01  1.56377621722147E-03 -1.24772472533324E-01
  1.63831407474891E-01
* ORBITAL    1   12
 -1.95929093186592E-03  1.74722753114358E-01  1.45463712443861E-02  2.53369991142282E-01 -1.84465274687363E-03
  2.17771591200526E-02 -2.99973255424040E-01 -4.09452346602648E-03 -2.87844260445997E-02 -2.84921974039906E-04
  5.43006028986132E-03 -8.30299982368630E-02 -1.79214608438272E-01  1.24600214614374E-01 -1.45616741727864E-02
  1.73048821485391E-01  1.29145670742737E-01  1.25404504977889E-01 -7.37659375784824E-03  2.80540355530381E-01
 -2.22870654843796E-01 -7.42137332739557E-02 -1.66518958813145E-02 -2.75635586648010E-02  5.12643309145784E-03
 -7.61965390699519E-02  1.92446528189803E-01  1.06323384445700E-01  1.37789501612148E-02 -7.20289198019678E-03
  2.75243674891714E-01  2.13865401469810E-01 -9.87724968639520E-02  1.73553305663950E-02  1.76186020448373E-01
 -3.12615496297098E-02
* ORBITAL    1   13
 -4.35847089066908E-03 -1.39909582494706E-01 -2.01125704228115E-02 -3.22351333699127E-01  2.24006175889773E-03
 -1.11206117921734E-03  1.33426148598199E-01  1.19071045324225E-02  2.52659420631122E-01 -8.46064393472610E-04
  9.70296240151583E-03  1.19105683467798E-01 -1.40783763827601E-01 -2.22679052332033E-01 -9.10954632925364E-03
  1.33856883047878E-01 -1.47483208230673E-01 -1.41340607631215E-01  9.65838010732073E-03  7.69681739941404E-02
 -2.15633954205873E-01  1.02248865353369E-01 -1.72772287206178E-02  1.57860526828329E-01  9.78464840190253E-03
  1.17134934315328E-01  1.19359509138925E-01 -2.33172636168019E-01  1.10410570469194E-02  9.60447210184973E-03
  7.90585898047316E-02  2.25041691077519E-01  8.36125096369455E-02  1.64304060290508E-02  1.32333482842979E-01
  1.59334832885856E-01
* ORBITAL    1   14
  2.94438159648497E-05  5.32165212617480E-03 -5.36691635032089E-01  2.20745541270267E-02  2.48402157747698E-02
 -7.19662113611100E-05 -3.68008652316450E-03 -1.70380104656030E-01  1.57680539510517E-02 -7.04151381572989E-03
 -1.51553311675558E-03  1.00183656237860E-01 -5.01802039214424E-02 -1.43557070258148E-01 -4.05426264121211E-03
  1.13711169835661E-01 -2.89133562145602E-01  2.89941239810803E-01  1.13950367507671E-04 -1.13559818594257E-01
  1.34680788736757E-01  4.73961100837771E-02  7.88550241895782E-03 -1.40170605532746E-01  1.19913874308007E-03
 -1.01078501878851E-01 -3.50548347010244E-02  1.63106799922955E-01 -5.37195966901593E-03 -4.29016360988994E-04
  1.12435412725170E-01  1.29315364058792E-01 -7.40893152317911E-02  8.42959532718638E-03 -1.16749780558283E-01
  1.32794468365609E-01
* ORBITAL    1   15
 -1.37745422017852E-04  7.89086844989230E-04 -5.88973988233934E-02 -3.45211531392965E-03  1.76554001095667E-03
 -1.58542161424497E-04 -1.45967704966586E-03 -1.03035245533490E-01  1.21563959085490E-02 -6.96195455960797E-03
 -4.78727647351302E-03 -1.35457596273111E-02  7.86958514185395E-02  3.59048999542853E-01  3.62163748917529E-03
  2.29543789118955E-01 -3.03730954399584E-02  2.67351693953693E-02 -5.85722984857565E-03  2.70780063262008E-02
  3.39648514076075E-01 -2.44365488176222E-01  2.80844045738082E-02  2.01871896300530E-01  4.60191887182095E-03
  1.38207252353876E-02  4.86723210606447E-02 -3.54547396330454E-01  6.99432969170397E-03  5.67350777304741E-03
 -2.85536183702200E-02  3.60455659932119E-01  2.01990550894314E-01  2.61082101550420E-02 -2.32085212251839E-01
 -2.06146531081012E-01
* ORBITAL    1   16
  1.01739713212359E-02 -2.51131997756352E-02  1.01571432933661E-02  4.04321271456391E-01 -1.67747171064992E-03
  1.02212838811255E-02  8.12633999576991E-02 -2.89496999360828E-02 -4.67798008076419E-01  1.37981380571101E-03
  5.55189839418254E-03 -7.93083395403506E-03  6.15420662599245E-02 -3.11889743127664E-01  6.53926646210008E-03
  8.78070966050023E-02  1.21317924884696E-01  1.29977831468763E-01  5.56257985162349E-03  4.61516811799645E-02
  4.35553188812501E-02  3.36480757338769E-01  3.57490771902393E-04  1.27565830680729E-01  5.70826972147327E-03
 -1.17736768323253E-02 -8.92808073836809E-02 -3.08709444337307E-01 -3.72134917174993E-03  5.76833624995433E-03
  4.93785811360232E-02  6.39582669251727E-03  3.40168517709934E-01 -1.86959503038566E-03  7.45607403527983E-02
  1.27825010768938E-01
* ORBITAL    1   17
 -4.21178998405348E-03 -9.69580269006219E-03 -3.96243867445573E-03 -7.25783884192458E-02  4.12249842853765E-04
 -3.02294999008863E-03 -1.40589621858614E-01  8.74921714172300E-03  1.55194112399517E-01 -5.35083427180787E-04
  1.86140497302578E-03  4.43685775826512E-02  5.13828973397942E-01  2.98453121840539E-02  3.93552687765912E-02
  2.06895769972993E-01 -3.24806696104946E-02 -3.14218652939643E-02  1.51390051348496E-03  2.52234724147381E-02
 -2.27654876535895E-01  1.36585420807175E-01 -1.85886286675139E-02 -2.11436249198600E-01  1.87754774971917E-03
  4.49306031783955E-02 -5.08961662706920E-01  7.42665974406753E-02 -3.98115367751668E-02  1.51783228111623E-03
  2.51647127533513E-02  2.36815728478999E-01  1.17486020034967E-01  1.72191604384180E-02  2.08133499408407E-01
 -2.12690224642044E-01
* ORBITAL    1   18
  2.45922889310395E-04  1.83973854027761E-03 -3.38082249765163E-01  2.00292664800315E-02  2.15408490469064E-02
  1.16498245145715E-04 -1.98947355913601E-06  4.63067102855737E-01 -2.41546554768789E-02  3.58011852367501E-02
 -3.15183051034924E-03 -6.11479049805755E-02  1.85315582763886E-02  1.97084319283327E-01  1.11241818301439E-03
 -1.46134419256624E-01 -2.35007660746878E-01  2.39011189062918E-01 -2.43538681067011E-03 -3.89808090394484E-02
 -3.22703034174549E-01 -2.51082233159474E-01 -2.59709948696338E-02  1.67452183409066E-01  3.16196643645297E-03
  6.03267042287527E-02  2.86596650529126E-03 -2.00433883066648E-01  3.09060378175869E-03  2.46543190507234E-03
  3.97349924632822E-02 -3.00629793813715E-01  2.81175884602825E-01 -2.85096283562960E-02  1.45708488112391E-01
 -1.65357485021862E-01
* ORBITAL    1   19
 -2.33940124648449E-05  6.37782781449792E-04  1.81800706526385E-02  8.55266079082203E-05  1.49892724189544E-01
  3.13212465439722E-07 -3.86074563940359E-04 -2.83485577694964E-02  2.46296785372485E-03  3.48987220121359E-01
  7.99013050286496E-05 -3.16698755006446E-04 -2.30994840791422E-02  7.41725907743460E-04  3.00254248204018E-01
 -5.19496908490730E-04  1.08374119744344E-02 -1.06106710117592E-02  2.50569384523876E-04  3.07633762758304E-03
 -2.21514779379510E-02  6.48560691327566E-03  3.12727923121673E-01 -1.20575391297322E-03 -8.83100342240553E-05
  2.32816339592861E-04 -2.29547037857721E-02  4.00689236005765E-03  3.00203681459182E-01 -2.52659704877798E-04
 -2.99561223187005E-03 -2.25546208155462E-02 -1.58273372997783E-03  3.12719037108900E-01  5.69119837735051E-04
  1.23003139736369E-03
* ORBITAL    1   20
 -2.23419283844545E-05 -1.94982961785616E-03 -3.68338864735454E-02 -1.00734757244461E-03 -5.16798612169720E-01
  4.73044831809292E-06  6.20995071181404E-04  4.13346778121773E-02 -3.45625348844402E-03 -5.03390784805855E-01
 -1.23411225223310E-04  1.05864566536546E-03 -3.16510075310940E-02  6.35030403082585E-03  3.93615683912482E-01
  1.20028583800942E-03 -1.40264271164393E-02  1.40507594779276E-02 -7.71507135032310E-04 -1.13713485168478E-02
 -1.05783801207866E-02 -9.50725412927243E-03  4.36453600186519E-02  2.52625050854085E-03  1.36674488681845E-04
 -9.18332457194377E-04 -3.18898497552936E-02  1.56529247307853E-04  3.93014454229989E-01  7.74900188330676E-04
  1.13201678382121E-02 -9.49449972690757E-03  1.07073615284661E-02  4.24968019196944E-02 -1.25956122768260E-03
 -2.58266745156652E-03
* ORBITAL    1   21
  2.57577167492931E-05  8.76880085942572E-04 -4.67657307299273E-06  2.77257812036567E-04 -2.71259009052445E-04
  4.53895149075237E-05 -2.11204511615667E-04  4.50880617511271E-05  2.37377637518668E-04 -5.94232900076411E-04
 -3.55912435273593E-05 -1.53578886588399E-04  3.04578807846283E-02 -3.04480741451782E-03 -3.94805060681019E-01
  7.18583495285001E-05 -2.10506237940566E-04 -1.12958683714303E-04  1.41892868184764E-05 -9.13816587793522E-05
  4.29248374038993E-02 -5.04258701868990E-03 -5.58951709872549E-01 -3.07470318719808E-05 -3.60152347894541E-05
 -1.63354458158062E-04 -3.05320347585971E-02  3.27826251723141E-03  3.95806916227996E-01  1.65672654323367E-05
 -2.62502137502830E-05 -4.29790356965202E-02  3.90037147286260E-03  5.58823847652740E-01  6.65592953402856E-05
 -3.48570909121573E-05
* ORBITAL    1   22
 -2.16972630159866E-04 -2.89068919558742E-03 -4.03665948774022E-02 -2.16326070264151E-03 -7.73285044472294E-01
 -2.90402369160843E-05  1.43716540935565E-04 -2.11319567992341E-02  2.74258580080299E-03  3.42810403181272E-01
 -2.24303508370823E-04  8.80908497795785E-04  2.74721895188896E-02  1.68311267879573E-03 -3.77522901062583E-01
  7.82751536587366E-04  1.24253700826997E-02 -1.08671423217308E-02 -9.47366819229693E-04 -1.41646746765467E-02
 -4.12523062436230E-02 -1.08939031030534E-02  3.90912383172824E-01  3.99053268673702E-03  2.21690663155934E-04
 -9.07291950274920E-04  2.69882209902765E-02 -7.58553601071306E-03 -3.76826785196499E-01  9.49409225266432E-04
  1.42492881466983E-02 -4.00062821089972E-02  1.80903963204736E-02  3.91021002003770E-01 -8.05558964273550E-04
 -3.99629157314906E-03
* ORBITAL    1   23
  5.78093048116605E-06 -2.59076904807680E-04 -3.91574254593229E-05 -4.83751446064854E-04 -1.67547205562163E-04
 -2.92375287651645E-05 -2.76728600698352E-04 -1.35913077591853E-05  3.86239083532015E-04  8.03795594092098E-04
 -1.41257467031263E-07  5.11748825077489E-05  6.02506854968865E-02 -5.93422011355942E-03 -7.82305151507347E-01
 -9.46658198619596E-05 -1.20532572941054E-04 -2.03166021852489E-04  1.65819164157986E-07  5.27881065468137E-05
 -4.18186261789644E-02  4.29243547876258E-03  5.42141504508041E-01  8.48503616688148E-05  2.90982977487881E-06
  7.56656776417736E-05 -6.02698436382446E-02  6.60105232407971E-03  7.82914271093234E-01 -8.17078456931291E-06
 -2.34480391875320E-05  4.19384263283689E-02 -4.39423606281847E-03 -5.43478554761251E-01 -9.84121609926721E-05
  9.00677774694904E-05
* ORBITAL    1   24
  1.97264889603207E-04  1.77648393947620E-03  2.12731062906135E-02  1.93937186967655E-03  4.95819674848011E-01
  7.47561368239492E-05  4.85860548285195E-04  6.70536656875024E-02 -6.76851325634717E-03 -9.13552321088529E-01
  1.44052192808123E-04 -1.75399006507252E-05  2.06522277907543E-02 -3.73609905671346E-03 -2.53297651655007E-01
 -5.81252783836422E-04 -2.06968537031723E-02  1.90730208130239E-02  4.17564147190786E-04  6.73690541737439E-03
 -4.14051270378193E-02  1.13604377150908E-02  6.03473160631117E-01 -1.85614579065604E-03 -1.36671824977943E-04
  1.23346550597812E-04  2.06749671475272E-02 -3.15910701618882E-04 -2.51845736810206E-01 -4.04237937667835E-04
 -6.79403904478456E-03 -4.17964919724259E-02 -2.32172593062642E-03  6.02387686747567E-01  5.76204546621410E-04
  1.82423449801528E-03
* ORBITAL    1   25
 -8.77857893215881E-04 -9.56166244058842E-03  2.43554257875160E-01 -1.60924484983626E-02 -4.71231027790199E-02
 -7.57015947475477E-05  3.18711270567127E-04  6.98270720223108E-01 -2.97731589655694E-02  7.19450370485073E-02
  6.60455404597141E-02  6.08339925810620E-01  6.03849569013117E-01 -1.56168744184600E-01  4.72139992613691E-02
 -3.24452233415942E-01 -3.23585561066701E-01  3.38270012439226E-01  3.80260632279767E-02  2.70503692988725E-01
  3.91574212967613E-01  2.36812435546653E-01  2.71849005266243E-02  9.97503812415261E-04 -6.57335641993329E-02
 -6.05798666321261E-01  6.16799917034806E-01  1.02763344635125E-01  4.61313470968215E-02 -3.82437202053339E-02
 -2.72474446997934E-01  3.68638413519309E-01 -2.69363951854888E-01  2.94851529796714E-02  3.24035947943562E-01
 -1.60866619074644E-03
* ORBITAL    1   26
 -2.26080457892590E-02 -1.39076851584056E-01  3.10065762405884E-03  4.41428145838011E-02  2.04125254370547E-05
 -3.93385568128340E-02 -4.51666434554887E-01  1.77868087306793E-02  3.88779049579212E-01 -1.68187164819701E-03
  3.63854172059108E-02  2.39683944626111E-01 -1.07688097606348E-01 -2.23290365367491E-01 -6.50807373379546E-03
 -7.53988250529174E-01  1.19973946186642E-02  1.35267848085285E-02  9.25266467264985E-02  8.27121552990803E-01
 -1.48792343977697E-01  3.58932846544722E-01 -1.45513816155063E-02 -3.27516429670214E-01  3.67118101902369E-02
  2.42873774534586E-01  8.59174258331468E-02 -2.32247237094451E-01  8.48266440493427E-03  9.23515956317841E-02
  8.25360789640031E-01  1.80232281741437E-01  3.44320701557446E-01  1.12802566680910E-02 -7.55420669433833E-01
 -3.26163268939498E-01
* ORBITAL    1   27
 -2.05164970440996E-03 -2.01548084050775E-02  2.73652584517921E-01 -1.69147078366653E-02 -4.56322431355599E-02
  1.13430997632063E-03  1.18205081322342E-02  5.32998085282358E-01 -2.27870803532205E-02  5.86423115162447E-02
 -8.60851966884830E-02 -8.51766530778563E-01 -7.37659784281928E-02  7.01920372458874E-02 -6.83509475777769E-03
  3.24005447695311E-01 -3.37156286700128E-01  3.62541654745281E-01  7.83421355969811E-02  7.29892365762393E-01
  7.45173485529456E-02  3.28862856161327E-02  4.36849426269827E-03 -5.40858703360008E-01  8.75318881965917E-02
  8.64324077618235E-01 -7.34302765537063E-02 -6.42712532175177E-02 -5.74482343087827E-03 -7.97153744687510E-02
 -7.43960243931374E-01  7.54915762262281E-02 -4.11512285741324E-02  5.11941252802717E-03 -3.20905814067791E-01
  5.29652548089094E-01
* ORBITAL    1   28
  2.82296448209981E-02  3.19721038175694E-01 -1.20185281875487E-02 -2.74654757737702E-01  1.15255530169116E-04
 -1.28604519249948E-01 -1.12563430864879E+00  1.78221053786579E-02  2.45875584752289E-01 -8.57463707812988E-04
 -4.81651023773428E-02 -4.30044441285483E-01  2.42647169397932E-01  3.46327127026367E-01  1.59570682484760E-02
  2.61157952482211E-02 -9.12838433963059E-02 -8.63352347278794E-02  2.11037070914675E-02  2.94963648777815E-01
  3.48897893188201E-01  2.60061703847085E-01  2.50675730771835E-02  7.10895604794529E-01 -4.64862611194001E-02
 -4.13408524667562E-01 -2.09670810791181E-01  3.65289075085958E-01 -1.91520358805004E-02  1.93477561024241E-02
  2.78855027624986E-01 -3.21205781640919E-01  2.89052357428470E-01 -2.71618905519829E-02  2.06446775650766E-02
  7.22822734048693E-01
* ORBITAL    1   29
 -1.36137596836469E-01 -1.09145966378598E+00  8.56575502415010E-03 -1.09880963549749E-01  3.38134144891624E-03
 -1.90539691394642E-02 -6.01634814265229E-02  6.10321396445022E-03  4.69255346285264E-01 -3.30137017553149E-03
  7.44153846286492E-02  5.78316018133626E-01 -2.76260973708608E-01  3.93369978019504E-01 -2.40622634368890E-02
  1.56851884181006E-01  5.23640581397367E-01  5.37126379718242E-01 -5.76427843890824E-02 -4.77101462577925E-01
  1.83133788657094E-01  5.16756610110191E-01  7.81760778539043E-03  6.34966831603532E-03  7.17680243940436E-02
  5.53778856097782E-01  2.88647590447274E-01  3.76716740411919E-01  1.88815758953333E-02 -5.53673690214584E-02
 -4.57220244635517E-01 -1.53850843860917E-01  5.26649365895259E-01 -1.40009506078969E-02  1.45550624994166E-01
 -2.81101897187868E-02
* ORBITAL    1   30
 -9.67574689294615E-04 -6.74078850616192E-03 -1.21074750258234E-01  7.95255802788702E-03  1.35670935794966E-02
 -5.53777531711281E-04 -3.54082299024212E-03 -1.70455439195576E-01  1.31794649325141E-02 -1.90369084029611E-02
 -5.02056621001525E-02 -4.03262844195276E-01  1.48843570168697E-01  4.12974461425157E-01  8.31232646567081E-03
 -7.57394796349432E-01  1.27521796098309E-01 -1.25497053481987E-01 -6.57535554071719E-02 -5.15493283289704E-01
  4.95838247513827E-01 -2.90205413388571E-01  4.09772897237112E-02 -5.90050226432866E-01  5.35061382119878E-02
  4.28790434782938E-01  1.25303470618783E-01 -4.13756313977473E-01  1.31281464565286E-02  6.35194742105884E-02
  4.97253676476094E-01  5.13201568448595E-01  2.66522650344101E-01  3.78642025213846E-02  7.64895896601333E-01
  5.83943550552854E-01
* ORBITAL    1   31
  1.35674688257328E-01  1.10099380419143E+00 -2.35041963404987E-02  9.59038745401428E-02 -2.72832964549698E-03
 -8.23192867131658E-02 -6.75418723907198E-01  5.58594889528364E-03 -2.61166836762315E-01  2.00671093124233E-03
  7.21352011853983E-02  5.58538875648183E-01 -3.72528695784224E-01 -2.44184088281300E-02 -2.89373933764427E-02
  3.00997166355519E-01 -5.89174852566672E-01 -6.25287467040840E-01 -3.54163644050202E-02 -2.67832791074383E-01
  3.30065546850251E-01  3.89535170653787E-01  2.46100810311848E-02 -4.11853788963541E-01  7.20136171925896E-02
  5.59867601465300E-01  4.05074674661687E-01 -4.63857030045325E-02  3.20066065086005E-02 -4.12501868282333E-02
 -3.14059182578719E-01 -3.06385070054723E-01  4.20260073180507E-01 -2.89790046338443E-02  2.73966090332674E-01
 -3.99053252358806E-01
* ORBITAL    1   32
 -5.89278440702032E-03 -4.38293482405186E-02 -7.57317703968738E-01  9.51186636121094E-02  4.75292799747562E-02
  9.12831359550118E-03  6.92933787413925E-02 -8.23891244058859E-02  4.29220244124378E-02 -3.39846001190705E-02
 -5.45866662248465E-03 -4.83070079282430E-02  8.28257095697785E-01 -1.64783151286821E-01  6.59713180460425E-02
  2.41738496562981E-01  6.06684339650530E-01 -6.26973976702914E-01  5.13501817299521E-02  3.82879530104939E-01
 -3.59980204510266E-01 -3.75294229807631E-01 -2.21839522092136E-02 -2.97574493364997E-01  6.14281020570499E-03
  5.05628436426679E-02  8.18981685175999E-01  1.58634829387684E-01  6.26538635569787E-02 -5.35736172967007E-02
 -4.03421080115584E-01 -2.65022081430152E-01  4.24361547875404E-01 -2.11245559272443E-02 -2.84193228045655E-01
  3.61098255988808E-01
* ORBITAL    1   33
  2.28822610832244E-02  1.53152332935007E-01  7.53692388276111E-02  1.06273076228836E+00 -9.11606891137128E-03
  1.18471060873690E-01  8.58343077121557E-01  4.95393746130604E-02  3.80431372617899E-01  3.46965714961127E-03
  2.57179768749739E-02  1.68755736290315E-01  5.76612592318003E-02  5.27853008581696E-01 -2.32698070197892E-04
 -3.01365035607581E-01 -6.43348569947710E-01 -5.93381282280099E-01 -3.07463876826614E-02 -2.50668404739308E-01
 -3.89506291204241E-01  3.36121716996415E-01 -3.08003740700093E-02  4.07478676130741E-01  2.46061298253582E-02
  1.61825896553539E-01 -1.23458257156496E-01  5.11366331362584E-01 -1.32355221952238E-02 -2.67660578329580E-02
 -2.22627984417085E-01  4.65444194164195E-01  2.23252663571630E-01  3.15618809995203E-02 -2.73928379460952E-01
  3.67777075627104E-01
* ORBITAL    1   34
  6.02932105091307E-03  4.01016357348631E-02  1.01344483095739E+00 -2.77877328712470E-02 -4.22748640509852E-02
  1.37761363120208E-03  8.77783242702129E-03 -9.21746703885703E-01  3.16791668927626E-02 -4.12918544238674E-02
 -1.94852017323817E-02 -1.15270333694889E-01  3.87958989602117E-01 -3.16734033009041E-01  3.18489616647649E-02
 -3.42022168827464E-02 -7.63885321227835E-01  7.08200237405124E-01 -7.69082623941105E-03 -8.00985435087780E-02
 -2.56047937958557E-01 -5.90055403923310E-01 -1.81773174148604E-02  7.17842421692465E-03  2.17604207880282E-02
  1.30588851781835E-01  4.16054527667531E-01  3.05273476488305E-01  2.91497259817661E-02  5.24991536768164E-03
  6.24249618955353E-02 -1.73682891165363E-01  6.29205122989826E-01 -2.20586666216410E-02  1.72349153772346E-02
  5.76263968483654E-03
* ORBITAL    1   35
  7.89246109732176E-02  5.13900162733324E-01 -5.09404577994452E-02 -8.51361312337874E-01  4.35846205572015E-03
 -3.18463423199362E-02 -1.78194325050674E-01 -5.05899267340370E-02 -1.21292177537007E+00  4.36994491945869E-03
  3.91441079791058E-02  2.52527023855513E-01  2.72764620119298E-02  3.95978091380704E-01 -8.44253460212087E-04
 -4.73749887761673E-01  2.58324639781647E-01  2.40206082615715E-01 -6.00923013991764E-02 -4.07227168007839E-01
 -7.08836387498103E-01  3.38067847394762E-01 -5.80490590125954E-02  1.62316834689206E-01  3.71013389102510E-02
  2.38384728484777E-01  1.21914487299545E-02  3.69651149550529E-01 -2.23496140832182E-03 -5.85552597143745E-02
 -3.97202922771000E-01  7.23303024534724E-01  2.53849633214435E-01  5.48885467185505E-02 -4.84563089705312E-01
  1.76218087843406E-01
* ORBITAL    1   36
 -2.94928672417776E-04 -1.90735054159924E-03 -3.27664496836117E-01  1.31864593073165E-03  5.90681895150438E-03
 -5.23582619023810E-04 -2.82423527540261E-03  1.83893601735807E-01 -2.19725762916985E-02  6.21795852697995E-03
 -7.22627680883521E-02 -5.11000603347956E-01 -3.68377406580767E-01 -9.25780425713612E-01 -2.07949016662108E-02
 -3.99993470665236E-01  2.01435342840337E-01 -1.84473906047401E-01  7.14634252425666E-02  4.84533101137960E-01
  5.54407688870484E-01 -5.48741574496977E-01  4.81016987755251E-02  5.31345207961766E-01  7.29336850050308E-02
  5.15236772662416E-01 -2.83371435370047E-01  9.61948550372444E-01 -2.93850520913573E-02 -7.26664072433363E-02
 -4.92617872217861E-01  6.16874858595821E-01  5.01175152469260E-01  4.46815150522398E-02  3.89753551772094E-01
 -5.28367709445506E-01
#OCC
* OCCUPATION NUMBERS
  1.00000000000000E+00  1.00000000000000E+00  1.00000000000000E+00  1.00000000000000E+00  1.00000000000000E+00
  1.00000000000000E+00  1.00000000000000E+00  1.00000000000000E+00  1.00000000000000E+00  1.00000000000000E+00
  1.00000000000000E+00  1.00000000000000E+00  1.00000000000000E+00  1.00000000000000E+00  1.00000000000000E+00
  1.00000000000000E+00  1.00000000000000E+00  1.00000000000000E+00  1.00000000000000E+00  1.00000000000000E+00
  1.00000000000000E+00  1.00000000000000E+00  1.00000000000000E+00  1.00000000000000E+00  1.00000000000000E+00
  1.00000000000000E+00  1.00000000000000E+00  1.00000000000000E+00  1.00000000000000E+00  1.00000000000000E+00
  1.00000000000000E+00  1.00000000000000E+00  1.00000000000000E+00  1.00000000000000E+00  1.00000000000000E+00
  1.00000000000000E+00
#OCHR
* OCCUPATION NUMBERS (HUMAN-READABLE)
  1.0000  1.0000  1.0000  1.0000  1.0000  1.0000  1.0000  1.0000  1.0000  1.0000
  1.0000  1.0000  1.0000  1.0000  1.0000  1.0000  1.0000  1.0000  1.0000  1.0000
  1.0000  1.0000  1.0000  1.0000  1.0000  1.0000  1.0000  1.0000  1.0000  1.0000
  1.0000  1.0000  1.0000  1.0000  1.0000  1.0000
#ONE
* ONE ELECTRON ENERGIES
 -1.1445E+01 -1.1445E+01 -1.1444E+01 -1.1439E+01 -1.1439E+01 -1.1423E+01 -1.2147E+00 -1.0790E+00 -1.0441E+00 -9.2153E-01
 -7.9016E-01 -7.8024E-01 -7.3505E-01 -6.5762E-01 -6.3594E-01 -6.3374E-01 -5.8709E-01 -5.6467E-01 -5.3807E-01 -3.8999E-01
 -3.3421E-01 -1.0218E-01  1.5097E-01  1.7735E-01  3.3183E-01  3.6346E-01  3.7978E-01  3.8729E-01  4.5048E-01  4.7526E-01
  5.2031E-01  5.9114E-01  6.2445E-01  7.2044E-01  7.9349E-01  8.0705E-01
#INDEX
* 1234567890
0 iiiiiiiiii
1 iiiiiiii22
2 2222ssssss
3 ssssss
